103 110 168 167 84.4083 72 9.1824
103 99 168 170 84.4083 67 7.6557
103 109 168 160 84.4083 67 9.00417
103 98 168 172 84.4083 66 7.05235
103 106 168 172 84.4083 66 9.02792
103 110 168 167 84.4083 72 9.1824
103 99 168 170 84.4083 67 7.6557
103 109 168 160 84.4083 67 9.00417
103 98 168 172 84.4083 66 7.05235
103 106 168 172 84.4083 66 9.02792
103 110 168 167 84.4083 72 9.1824
103 99 168 170 84.4083 67 7.6557
103 109 168 160 84.4083 67 9.00417
103 98 168 172 84.4083 66 7.05235
103 106 168 172 84.4083 66 9.02792
103 110 168 167 84.4083 72 9.1824
103 99 168 170 84.4083 67 7.6557
103 109 168 160 84.4083 67 9.00417
103 98 168 172 84.4083 66 7.05235
103 106 168 172 84.4083 66 9.02792
103 110 168 167 84.4083 72 9.1824
103 99 168 170 84.4083 67 7.6557
103 109 168 160 84.4083 67 9.00417
103 98 168 172 84.4083 66 7.05235
103 106 168 172 84.4083 66 9.02792
103 110 168 167 84.4083 72 9.1824
103 99 168 170 84.4083 67 7.6557
103 109 168 160 84.4083 67 9.00417
103 98 168 172 84.4083 66 7.05235
103 106 168 172 84.4083 66 9.02792
103 110 168 167 84.4083 72 9.1824
103 99 168 170 84.4083 67 7.6557
103 109 168 160 84.4083 67 9.00417
103 98 168 172 84.4083 66 7.05235
103 106 168 172 84.4083 66 9.02792
103 110 168 167 84.4083 72 9.1824
103 99 168 170 84.4083 67 7.6557
103 109 168 160 84.4083 67 9.00417
103 98 168 172 84.4083 66 7.05235
103 106 168 172 84.4083 66 9.02792
